1050
1114
1048
1324
1113
1482
1296
1400
1025
1004
1339
1241
1124
1128
1059
1450
1418
1111
1196
1070
1200
1357
1216
1233
1174
1317
1313
1209
1289
1010
1334
1466
1188
1394
1205
1488
1123
1139
1391
1195
1169
1320
1368
1316
1318
1378
1322
1180
1125
1080
1474
1167
1085
1315
1283
1311
1118
1037
1075
1225
1098
1470
1447
1388
1274
1246
1469
1001
1093
1226
1130
1057
1429
1340
1031
1359
1305
1473
1468
1122
1042
1454
1095
1142
1071
1302
1079
1178
1407
1374
1161
1012
1028
1162
1141
1385
1267
1110
1194
1102
1103
1263
1360
1117
1208
1380
1423
1235
1259
1015
1201
1456
1344
1150
1486
1021
1462
1453
1363
1191
1067
1198
1214
1231
1381
1100
1433
1022
1104
1074
1276
1292
1395
1367
1047
1492
1045
1499
1172
1177
1250
1444
1223
1176
1377
1116
1402
1154
1406
1086
1425
1240
1252
1293
1213
1072
1006
1014
1206
1119
1476
1129
1219
1280
1068
1184
1455
1487
1065
1159
1386
1345
1013
1084
1321
1291
1152
1158
1202
1343
1270
1035
1215
1264
1347
1091
1026
1268
1258
1190
1411
1403
1491
1389
1109
1007
1428
1088
1218
1236
